mini+lora
FID:  91.65384892918493
FD: 836.36162

1.5+lora
FID: 92.66010480603049
FD: 708.1698813117687


1.5+small_scale+lora
FID: 143
FD: 1343.0578846823682

mini+small_scale+lora
FID: 86.05
FD: 1103.7347011325032