fd: 417.37537287407156 
precision: 0.7391920623671155 
recall: 0.5414599574769667 
density: 0.5007795889440113 
coverage: 0.6208362863217576 
